$ANSIBLE_VAULT;1.1;AES256
61653032376566343439646663653430636634633138373533303537666532316333613462393565
3332396538643535316131393763633262373064333333310a643930393432363730633563346436
62326431303538366637393535653332656666356663653162613161313735616336396665626265
3562333338636536370a376363343037323331643432383338643630323563313833346132343439
32323132313436326361346363633234653634666333323939366565383538386566313135303936
36623865636337386438613238646461616332356464336339616133336266353164363430643537
39373632616166316234663762373238313434653566326439653964383635633330323736326639
37313436366666366564666535386334323065613133616565663630643061666338623663326364
30646136643137643133643132316565623539346663323163323232633530663132613863343033
65366236393766393562383139646461396634363463656536633433633261616339633765396132
36626236306536373038383838653463386533646638306362623236306632663936623532363036
37323736646633616135336437333563316665343934643336333537656537636565626466333337
37303063386634663366303936636137663961356464653730383431333439326238636266303762
61646561393439633130353362386634313234663235653766653066366466383166326365363338
61353135663035613466636563336630616164323732356566626639373832666439623835393065
39626265383336653061306331643466653162613563633836396339326139383534323432356438
39353432656438316533346236303132333563353135623638363631373937393565326666373938
36366238333338353030303635663666363938306662616566613636353931373232646434653334
30613265636636353361643932336166333563313464653731663065386266343361653238333333
35313364306230626362643061643335656630613537653466353936653135636137643638623163
65626135303661306665643334613837313438393530656533356165353066303361366531343132
65646262666566366561373433663235626363326133313639323465616332343962323436633532
32383233663033303765376530646534363234373562646264336462613561663433393730343038
64663439366438623265653066336537386534326364386361343831656564303662393838646637
64323131343363626236383961393932383438376365373033616266643730323865
